"","Var1","Freq","moving_average","acumulados"
"1",2020-01-01,3,0,3
"2",2020-01-02,8,0,11
"3",2020-01-03,8,0,19
"4",2020-01-04,6,0,25
"5",2020-01-05,4,0,29
"6",2020-01-06,6,0,35
"7",2020-01-07,9,6.28571428571429,44
"8",2020-01-08,10,7.28571428571429,54
"9",2020-01-09,9,7.42857142857143,63
"10",2020-01-10,6,7.14285714285714,69
"11",2020-01-11,3,6.71428571428571,72
"12",2020-01-12,5,6.85714285714286,77
"13",2020-01-13,7,7,84
"14",2020-01-14,5,6.42857142857143,89
"15",2020-01-15,7,6,96
"16",2020-01-16,11,6.28571428571429,107
"17",2020-01-17,11,7,118
"18",2020-01-18,3,7,121
"19",2020-01-19,10,7.71428571428571,131
"20",2020-01-20,8,7.85714285714286,139
"21",2020-01-21,19,9.85714285714286,158
"22",2020-01-22,4,9.42857142857143,162
"23",2020-01-23,11,9.42857142857143,173
"24",2020-01-24,5,8.57142857142857,178
"25",2020-01-25,1,8.28571428571429,179
"26",2020-01-26,6,7.71428571428571,185
"27",2020-01-27,15,8.71428571428571,200
"28",2020-01-28,9,7.28571428571429,209
"29",2020-01-29,7,7.71428571428571,216
"30",2020-01-30,15,8.28571428571429,231
"31",2020-01-31,11,9.14285714285714,242
"32",2020-02-01,11,10.5714285714286,253
"33",2020-02-02,10,11.1428571428571,263
"34",2020-02-03,10,10.4285714285714,273
"35",2020-02-04,10,10.5714285714286,283
"36",2020-02-05,20,12.4285714285714,303
"37",2020-02-06,19,13,322
"38",2020-02-07,11,13,333
"39",2020-02-08,7,12.4285714285714,340
"40",2020-02-09,5,11.7142857142857,345
"41",2020-02-10,13,12.1428571428571,358
"42",2020-02-11,10,12.1428571428571,368
"43",2020-02-12,17,11.7142857142857,385
"44",2020-02-13,14,11,399
"45",2020-02-14,8,10.5714285714286,407
"46",2020-02-15,6,10.4285714285714,413
"47",2020-02-16,14,11.7142857142857,427
"48",2020-02-17,27,13.7142857142857,454
"49",2020-02-18,30,16.5714285714286,484
"50",2020-02-19,26,17.8571428571429,510
"51",2020-02-20,23,19.1428571428571,533
"52",2020-02-21,33,22.7142857142857,566
"53",2020-02-22,20,24.7142857142857,586
"54",2020-02-23,12,24.4285714285714,598
"55",2020-02-24,31,25,629
"56",2020-02-25,48,27.5714285714286,677
"57",2020-02-26,45,30.2857142857143,722
"58",2020-02-27,56,35,778
"59",2020-02-28,49,37.2857142857143,827
"60",2020-02-29,49,41.4285714285714,876
"61",2020-03-01,50,46.8571428571429,926
"62",2020-03-02,80,53.8571428571429,1006
"63",2020-03-03,117,63.7142857142857,1123
"64",2020-03-04,134,76.4285714285714,1257
"65",2020-03-05,185,94.8571428571429,1442
"66",2020-03-06,209,117.714285714286,1651
"67",2020-03-07,244,145.571428571429,1895
"68",2020-03-08,266,176.428571428571,2161
"69",2020-03-09,389,220.571428571429,2550
"70",2020-03-10,496,274.714285714286,3046
"71",2020-03-11,667,350.857142857143,3713
"72",2020-03-12,865,448,4578
"73",2020-03-13,985,558.857142857143,5563
"74",2020-03-14,1122,684.285714285714,6685
"75",2020-03-15,1151,810.714285714286,7836
"76",2020-03-16,1617,986.142857142857,9453
"77",2020-03-17,2117,1217.71428571429,11570
"78",2020-03-18,2725,1511.71428571429,14295
"79",2020-03-19,3098,1830.71428571429,17393
"80",2020-03-20,3466,2185.14285714286,20859
"81",2020-03-21,3734,2558.28571428571,24593
"82",2020-03-22,3272,2861.28571428571,27865
"83",2020-03-23,4121,3219,31986
"84",2020-03-24,5303,3674.14285714286,37289
"85",2020-03-25,5327,4045.85714285714,42616
"86",2020-03-26,5521,4392,48137
"87",2020-03-27,5228,4643.71428571429,53365
"88",2020-03-28,4020,4684.57142857143,57385
"89",2020-03-29,3252,4681.71428571429,60637
"90",2020-03-30,4046,4671,64683
"91",2020-03-31,4413,4543.85714285714,69096
"92",2020-04-01,3955,4347.85714285714,73051
"93",2020-04-02,3383,4042.42857142857,76434
"94",2020-04-03,3124,3741.85714285714,79558
"95",2020-04-04,2298,3495.85714285714,81856
"96",2020-04-05,1741,3280,83597
"97",2020-04-06,2364,3039.71428571429,85961
"98",2020-04-07,2498,2766.14285714286,88459
"99",2020-04-08,2242,2521.42857142857,90701
"100",2020-04-09,2083,2335.71428571429,92784
"101",2020-04-10,1801,2146.71428571429,94585
"102",2020-04-11,1402,2018.71428571429,95987
"103",2020-04-12,1106,1928,97093
"104",2020-04-13,1281,1773.28571428571,98374
"105",2020-04-14,1526,1634.42857142857,99900
"106",2020-04-15,1348,1506.71428571429,101248
"107",2020-04-16,1212,1382.28571428571,102460
"108",2020-04-17,1114,1284.14285714286,103574
"109",2020-04-18,818,1200.71428571429,104392
"110",2020-04-19,652,1135.85714285714,105044
"111",2020-04-20,815,1069.28571428571,105859
"112",2020-04-21,855,973.428571428571,106714
"113",2020-04-22,695,880.142857142857,107409
"114",2020-04-23,609,794,108018
"115",2020-04-24,594,719.714285714286,108612
"116",2020-04-25,435,665,109047
"117",2020-04-26,297,614.285714285714,109344
"118",2020-04-27,470,565,109814
"119",2020-04-28,446,506.571428571429,110260
"120",2020-04-29,355,458,110615
"121",2020-04-30,356,421.857142857143,110971
"122",2020-05-01,247,372.285714285714,111218
"123",2020-05-02,201,338.857142857143,111419
"124",2020-05-03,175,321.428571428571,111594
"125",2020-05-04,271,293,111865
"126",2020-05-05,273,268.285714285714,112138
"127",2020-05-06,251,253.428571428571,112389
"128",2020-05-07,223,234.428571428571,112612
"129",2020-05-08,190,226.285714285714,112802
"130",2020-05-09,139,217.428571428571,112941
"131",2020-05-10,121,209.714285714286,113062
"132",2020-05-11,146,191.857142857143,113208
"133",2020-05-12,139,172.714285714286,113347
"134",2020-05-13,122,154.285714285714,113469
"135",2020-05-14,112,138.428571428571,113581
"136",2020-05-15,111,127.142857142857,113692
"137",2020-05-16,86,119.571428571429,113778
"138",2020-05-17,57,110.428571428571,113835
"139",2020-05-18,76,100.428571428571,113911
"140",2020-05-19,92,93.7142857142857,114003
"141",2020-05-20,80,87.7142857142857,114083
"142",2020-05-21,77,82.7142857142857,114160
"143",2020-05-22,70,76.8571428571429,114230
"144",2020-05-23,59,73,114289
"145",2020-05-24,41,70.7142857142857,114330
"146",2020-05-25,61,68.5714285714286,114391
"147",2020-05-26,69,65.2857142857143,114460
"148",2020-05-27,57,62,114517
"149",2020-05-28,54,58.7142857142857,114571
"150",2020-05-29,57,56.8571428571429,114628
"151",2020-05-30,41,54.2857142857143,114669
"152",2020-05-31,29,52.5714285714286,114698
"153",2020-06-01,35,48.8571428571429,114733
"154",2020-06-02,53,46.5714285714286,114786
"155",2020-06-03,44,44.7142857142857,114830
"156",2020-06-04,43,43.1428571428571,114873
"157",2020-06-05,41,40.8571428571429,114914
"158",2020-06-06,17,37.4285714285714,114931
"159",2020-06-07,24,36.7142857142857,114955
"160",2020-06-08,28,35.7142857142857,114983
"161",2020-06-09,35,33.1428571428571,115018
"162",2020-06-10,22,30,115040
"163",2020-06-11,24,27.2857142857143,115064
"164",2020-06-12,37,26.7142857142857,115101
"165",2020-06-13,21,27.2857142857143,115122
"166",2020-06-14,19,26.5714285714286,115141
"167",2020-06-15,23,25.8571428571429,115164
"168",2020-06-16,36,26,115200
"169",2020-06-17,33,27.5714285714286,115233
"170",2020-06-18,34,29,115267
"171",2020-06-19,40,29.4285714285714,115307
"172",2020-06-20,29,30.5714285714286,115336
"173",2020-06-21,20,30.7142857142857,115356
"174",2020-06-22,33,32.1428571428571,115389
"175",2020-06-23,40,32.7142857142857,115429
"176",2020-06-24,38,33.4285714285714,115467
"177",2020-06-25,39,34.1428571428571,115506
"178",2020-06-26,40,34.1428571428571,115546
"179",2020-06-27,36,35.1428571428571,115582
"180",2020-06-28,22,35.4285714285714,115604
"181",2020-06-29,45,37.1428571428571,115649
"182",2020-06-30,57,39.5714285714286,115706
"183",2020-07-01,34,39,115740
"184",2020-07-02,30,37.7142857142857,115770
"185",2020-07-03,63,41,115833
"186",2020-07-04,42,41.8571428571429,115875
"187",2020-07-05,42,44.7142857142857,115917
"188",2020-07-06,62,47.1428571428571,115979
"189",2020-07-07,70,49,116049
"190",2020-07-08,58,52.4285714285714,116107
"191",2020-07-09,58,56.4285714285714,116165
"192",2020-07-10,82,59.1428571428571,116247
"193",2020-07-11,53,60.7142857142857,116300
"194",2020-07-12,60,63.2857142857143,116360
"195",2020-07-13,77,65.4285714285714,116437
"196",2020-07-14,97,69.2857142857143,116534
"197",2020-07-15,107,76.2857142857143,116641
"198",2020-07-16,119,85,116760
"199",2020-07-17,117,90,116877
"200",2020-07-18,102,97,116979
"201",2020-07-19,89,101.142857142857,117068
"202",2020-07-20,158,112.714285714286,117226
"203",2020-07-21,136,118.285714285714,117362
"204",2020-07-22,151,124.571428571429,117513
"205",2020-07-23,171,132,117684
"206",2020-07-24,173,140,117857
"207",2020-07-25,144,146,118001
"208",2020-07-26,150,154.714285714286,118151
"209",2020-07-27,215,162.857142857143,118366
"210",2020-07-28,197,171.571428571429,118563
"211",2020-07-29,217,181,118780
"212",2020-07-30,241,191,119021
"213",2020-07-31,251,202.142857142857,119272
"214",2020-08-01,233,214.857142857143,119505
"215",2020-08-02,204,222.571428571429,119709
"216",2020-08-03,252,227.857142857143,119961
"217",2020-08-04,273,238.714285714286,120234
"218",2020-08-05,295,249.857142857143,120529
"219",2020-08-06,338,263.714285714286,120867
"220",2020-08-07,338,276.142857142857,121205
"221",2020-08-08,257,279.571428571429,121462
"222",2020-08-09,266,288.428571428571,121728
"223",2020-08-10,379,306.571428571429,122107
"224",2020-08-11,384,322.428571428571,122491
"225",2020-08-12,429,341.571428571429,122920
"226",2020-08-13,424,353.857142857143,123344
"227",2020-08-14,463,371.714285714286,123807
"228",2020-08-15,403,392.571428571429,124210
"229",2020-08-16,381,409,124591
"230",2020-08-17,480,423.428571428571,125071
"231",2020-08-18,547,446.714285714286,125618
"232",2020-08-19,542,462.857142857143,126160
"233",2020-08-20,553,481.285714285714,126713
"234",2020-08-21,596,500.285714285714,127309
"235",2020-08-22,541,520,127850
"236",2020-08-23,492,535.857142857143,128342
"237",2020-08-24,633,557.714285714286,128975
"238",2020-08-25,675,576,129650
"239",2020-08-26,637,589.571428571429,130287
"240",2020-08-27,738,616,131025
"241",2020-08-28,746,637.428571428571,131771
"242",2020-08-29,695,659.428571428571,132466
"243",2020-08-30,529,664.714285714286,132995
"244",2020-08-31,696,673.714285714286,133691
"245",2020-09-01,780,688.714285714286,134471
"246",2020-09-02,788,710.285714285714,135259
"247",2020-09-03,788,717.428571428571,136047
"248",2020-09-04,837,730.428571428571,136884
"249",2020-09-05,706,732,137590
"250",2020-09-06,621,745.142857142857,138211
"251",2020-09-07,769,755.571428571429,138980
"252",2020-09-08,852,765.857142857143,139832
"253",2020-09-09,866,777,140698
"254",2020-09-10,870,788.714285714286,141568
"255",2020-09-11,915,799.857142857143,142483
"256",2020-09-12,868,823,143351
"257",2020-09-13,712,836,144063
"258",2020-09-14,902,855,144965
"259",2020-09-15,983,873.714285714286,145948
"260",2020-09-16,972,888.857142857143,146920
"261",2020-09-17,921,896.142857142857,147841
"262",2020-09-18,1050,915.428571428571,148891
"263",2020-09-19,764,900.571428571429,149655
"264",2020-09-20,683,896.428571428571,150338
"265",2020-09-21,909,897.428571428571,151247
"266",2020-09-22,1034,904.714285714286,152281
"267",2020-09-23,993,907.714285714286,153274
"268",2020-09-24,1006,919.857142857143,154280
"269",2020-09-25,921,901.428571428571,155201
"270",2020-09-26,736,897.428571428571,155937
"271",2020-09-27,614,887.571428571429,156551
"272",2020-09-28,866,881.428571428571,157417
"273",2020-09-29,934,867.142857142857,158351
"274",2020-09-30,908,855,159259
"275",2020-10-01,895,839.142857142857,160154
"276",2020-10-02,931,840.571428571429,161085
"277",2020-10-03,708,836.571428571429,161793
"278",2020-10-04,640,840.285714285714,162433
"279",2020-10-05,807,831.857142857143,163240
"280",2020-10-06,932,831.571428571429,164172
"281",2020-10-07,916,832.714285714286,165088
"282",2020-10-08,980,844.857142857143,166068
"283",2020-10-09,1052,862.142857142857,167120
"284",2020-10-10,835,880.285714285714,167955
"285",2020-10-11,772,899.142857142857,168727
"286",2020-10-12,786,896.142857142857,169513
"287",2020-10-13,1108,921.285714285714,170621
"288",2020-10-14,1189,960.285714285714,171810
"289",2020-10-15,1208,992.857142857143,173018
"290",2020-10-16,1286,1026.28571428571,174304
"291",2020-10-17,1063,1058.85714285714,175367
"292",2020-10-18,1006,1092.28571428571,176373
"293",2020-10-19,1348,1172.57142857143,177721
"294",2020-10-20,1449,1221.28571428571,179170
"295",2020-10-21,1534,1270.57142857143,180704
"296",2020-10-22,1627,1330.42857142857,182331
"297",2020-10-23,1629,1379.42857142857,183960
"298",2020-10-24,1359,1421.71428571429,185319
"299",2020-10-25,1263,1458.42857142857,186582
"300",2020-10-26,1641,1500.28571428571,188223
"301",2020-10-27,1821,1553.42857142857,190044
"302",2020-10-28,1808,1592.57142857143,191852
"303",2020-10-29,1924,1635,193776
"304",2020-10-30,1944,1680,195720
"305",2020-10-31,1595,1713.71428571429,197315
"306",2020-11-01,1392,1732.14285714286,198707
"307",2020-11-02,1716,1742.85714285714,200423
"308",2020-11-03,1952,1761.57142857143,202375
"309",2020-11-04,1893,1773.71428571429,204268
"310",2020-11-05,1782,1753.42857142857,206050
"311",2020-11-06,1941,1753,207991
"312",2020-11-07,1505,1740.14285714286,209496
"313",2020-11-08,1320,1729.85714285714,210816
"314",2020-11-09,1773,1738,212589
"315",2020-11-10,1884,1728.28571428571,214473
"316",2020-11-11,1738,1706.14285714286,216211
"317",2020-11-12,1665,1689.42857142857,217876
"318",2020-11-13,1720,1657.85714285714,219596
"319",2020-11-14,1276,1625.14285714286,220872
"320",2020-11-15,1012,1581.14285714286,221884
"321",2020-11-16,1604,1557,223488
"322",2020-11-17,1484,1499.85714285714,224972
"323",2020-11-18,1322,1440.42857142857,226294
"324",2020-11-19,1246,1380.57142857143,227540
"325",2020-11-20,1258,1314.57142857143,228798
"326",2020-11-21,941,1266.71428571429,229739
"327",2020-11-22,773,1232.57142857143,230512
"328",2020-11-23,1066,1155.71428571429,231578
"329",2020-11-24,1093,1099.85714285714,232671
"330",2020-11-25,1046,1060.42857142857,233717
"331",2020-11-26,997,1024.85714285714,234714
"332",2020-11-27,939,979.285714285714,235653
"333",2020-11-28,756,952.857142857143,236409
"334",2020-11-29,642,934.142857142857,237051
"335",2020-11-30,858,904.428571428571,237909
"336",2020-12-01,884,874.571428571429,238793
"337",2020-12-02,817,841.857142857143,239610
"338",2020-12-03,813,815.571428571429,240423
"339",2020-12-04,873,806.142857142857,241296
"340",2020-12-05,618,786.428571428571,241914
"341",2020-12-06,556,774.142857142857,242470
"342",2020-12-07,683,749.142857142857,243153
"343",2020-12-08,629,712.714285714286,243782
"344",2020-12-09,779,707.285714285714,244561
"345",2020-12-10,816,707.714285714286,245377
"346",2020-12-11,864,706.428571428571,246241
"347",2020-12-12,656,711.857142857143,246897
"348",2020-12-13,563,712.857142857143,247460
"349",2020-12-14,853,737.142857142857,248313
"350",2020-12-15,855,769.428571428571,249168
"351",2020-12-16,828,776.428571428571,249996
"352",2020-12-17,840,779.857142857143,250836
"353",2020-12-18,903,785.428571428571,251739
"354",2020-12-19,676,788.285714285714,252415
"355",2020-12-20,655,801.428571428571,253070
"356",2020-12-21,953,815.714285714286,254023
"357",2020-12-22,986,834.428571428571,255009
"358",2020-12-23,975,855.428571428571,255984
"359",2020-12-24,838,855.142857142857,256822
"360",2020-12-25,679,823.142857142857,257501
"361",2020-12-26,777,837.571428571429,258278
"362",2020-12-27,817,860.714285714286,259095
"363",2020-12-28,1077,878.428571428571,260172
"364",2020-12-29,1148,901.571428571429,261320
"365",2020-12-30,1100,919.428571428571,262420
"366",2020-12-31,1007,943.571428571429,263427
"367",2021-01-01,916,977.428571428571,264343
"368",2021-01-02,1001,1009.42857142857,265344
"369",2021-01-03,1055,1043.42857142857,266399
"370",2021-01-04,1402,1089.85714285714,267801
"371",2021-01-05,1475,1136.57142857143,269276
"372",2021-01-06,1212,1152.57142857143,270488
"373",2021-01-07,1507,1224,271995
"374",2021-01-08,1680,1333.14285714286,273675
"375",2021-01-09,1268,1371.28571428571,274943
"376",2021-01-10,1355,1414.14285714286,276298
"377",2021-01-11,1895,1484.57142857143,278193
"378",2021-01-12,2089,1572.28571428571,280282
"379",2021-01-13,2229,1717.57142857143,282511
"380",2021-01-14,2302,1831.14285714286,284813
"381",2021-01-15,2524,1951.71428571429,287337
"382",2021-01-16,2224,2088.28571428571,289561
"383",2021-01-17,2076,2191.28571428571,291637
"384",2021-01-18,2840,2326.28571428571,294477
"385",2021-01-19,2954,2449.85714285714,297431
"386",2021-01-20,3040,2565.71428571429,300471
"387",2021-01-21,3009,2666.71428571429,303480
"388",2021-01-22,3113,2750.85714285714,306593
"389",2021-01-23,2436,2781.14285714286,309029
"390",2021-01-24,2170,2794.57142857143,311199
"391",2021-01-25,2859,2797.28571428571,314058
"392",2021-01-26,2942,2795.57142857143,317000
"393",2021-01-27,2812,2763,319812
"394",2021-01-28,2711,2720.42857142857,322523
"395",2021-01-29,2763,2670.42857142857,325286
"396",2021-01-30,2164,2631.57142857143,327450
"397",2021-01-31,1762,2573.28571428571,329212
"398",2021-02-01,2296,2492.85714285714,331508
"399",2021-02-02,2353,2408.71428571429,333861
"400",2021-02-03,2054,2300.42857142857,335915
"401",2021-02-04,2009,2200.14285714286,337924
"402",2021-02-05,1919,2079.57142857143,339843
"403",2021-02-06,1405,1971.14285714286,341248
"404",2021-02-07,1148,1883.42857142857,342396
"405",2021-02-08,1638,1789.42857142857,344034
"406",2021-02-09,1607,1682.85714285714,345641
"407",2021-02-10,1361,1583.85714285714,347002
"408",2021-02-11,1267,1477.85714285714,348269
"409",2021-02-12,1339,1395,349608
"410",2021-02-13,852,1316,350460
"411",2021-02-14,672,1248,351132
"412",2021-02-15,999,1156.71428571429,352131
"413",2021-02-16,969,1065.57142857143,353100
"414",2021-02-17,912,1001.42857142857,354012
"415",2021-02-18,883,946.571428571429,354895
"416",2021-02-19,848,876.428571428571,355743
"417",2021-02-20,596,839.857142857143,356339
"418",2021-02-21,562,824.142857142857,356901
"419",2021-02-22,793,794.714285714286,357694
"420",2021-02-23,746,762.857142857143,358440
"421",2021-02-24,692,731.428571428571,359132
"422",2021-02-25,675,701.714285714286,359807
"423",2021-02-26,747,687.285714285714,360554
"424",2021-02-27,537,678.857142857143,361091
"425",2021-02-28,445,662.142857142857,361536
"426",2021-03-01,595,633.857142857143,362131
"427",2021-03-02,635,618,362766
"428",2021-03-03,578,601.714285714286,363344
"429",2021-03-04,604,591.571428571429,363948
"430",2021-03-05,609,571.857142857143,364557
"431",2021-03-06,449,559.285714285714,365006
"432",2021-03-07,395,552.142857142857,365401
"433",2021-03-08,595,552.142857142857,365996
"434",2021-03-09,590,545.714285714286,366586
"435",2021-03-10,547,541.285714285714,367133
"436",2021-03-11,559,534.857142857143,367692
"437",2021-03-12,592,532.428571428571,368284
"438",2021-03-13,438,530.857142857143,368722
"439",2021-03-14,371,527.428571428571,369093
"440",2021-03-15,547,520.571428571429,369640
"441",2021-03-16,558,516,370198
"442",2021-03-17,582,521,370780
"443",2021-03-18,559,521,371339
"444",2021-03-19,541,513.714285714286,371880
"445",2021-03-20,382,505.714285714286,372262
"446",2021-03-21,391,508.571428571429,372653
"447",2021-03-22,642,522.142857142857,373295
"448",2021-03-23,555,521.714285714286,373850
"449",2021-03-24,620,527.142857142857,374470
"450",2021-03-25,602,533.285714285714,375072
"451",2021-03-26,653,549.285714285714,375725
"452",2021-03-27,538,571.571428571429,376263
"453",2021-03-28,411,574.428571428571,376674
"454",2021-03-29,714,584.714285714286,377388
"455",2021-03-30,708,606.571428571429,378096
"456",2021-03-31,771,628.142857142857,378867
"457",2021-04-01,692,641,379559
"458",2021-04-02,643,639.571428571429,380202
"459",2021-04-03,631,652.857142857143,380833
"460",2021-04-04,610,681.285714285714,381443
"461",2021-04-05,803,694,382246
"462",2021-04-06,812,708.857142857143,383058
"463",2021-04-07,830,717.285714285714,383888
"464",2021-04-08,795,732,384683
"465",2021-04-09,864,763.571428571429,385547
"466",2021-04-10,692,772.285714285714,386239
"467",2021-04-11,584,768.571428571429,386823
"468",2021-04-12,926,786.142857142857,387749
"469",2021-04-13,856,792.428571428571,388605
"470",2021-04-14,877,799.142857142857,389482
"471",2021-04-15,863,808.857142857143,390345
"472",2021-04-16,958,822.285714285714,391303
"473",2021-04-17,725,827,392028
"474",2021-04-18,624,832.714285714286,392652
"475",2021-04-19,945,835.428571428571,393597
"476",2021-04-20,898,841.428571428571,394495
"477",2021-04-21,888,843,395383
"478",2021-04-22,862,842.857142857143,396245
"479",2021-04-23,790,818.857142857143,397035
"480",2021-04-24,723,818.571428571429,397758
"481",2021-04-25,569,810.714285714286,398327
"482",2021-04-26,845,796.428571428571,399172
"483",2021-04-27,845,788.857142857143,400017
"484",2021-04-28,739,767.571428571429,400756
"485",2021-04-29,769,754.285714285714,401525
"486",2021-04-30,827,759.571428571429,402352
"487",2021-05-01,574,738.285714285714,402926
"488",2021-05-02,527,732.285714285714,403453
"489",2021-05-03,625,700.857142857143,404078
"490",2021-05-04,670,675.857142857143,404748
"491",2021-05-05,653,663.571428571429,405401
"492",2021-05-06,638,644.857142857143,406039
"493",2021-05-07,626,616.142857142857,406665
"494",2021-05-08,426,595,407091
"495",2021-05-09,383,574.428571428571,407474
"496",2021-05-10,534,561.428571428571,408008
"497",2021-05-11,497,536.714285714286,408505
"498",2021-05-12,496,514.285714285714,409001
"499",2021-05-13,502,494.857142857143,409503
"500",2021-05-14,471,472.714285714286,409974
"501",2021-05-15,356,462.714285714286,410330
"502",2021-05-16,318,453.428571428571,410648
"503",2021-05-17,400,434.285714285714,411048
"504",2021-05-18,429,424.571428571429,411477
"505",2021-05-19,363,405.571428571429,411840
"506",2021-05-20,371,386.857142857143,412211
"507",2021-05-21,382,374.142857142857,412593
"508",2021-05-22,280,363.285714285714,412873
"509",2021-05-23,259,354.857142857143,413132
"510",2021-05-24,370,350.571428571429,413502
"511",2021-05-25,355,340,413857
"512",2021-05-26,343,337.142857142857,414200
"513",2021-05-27,315,329.142857142857,414515
"514",2021-05-28,340,323.142857142857,414855
"515",2021-05-29,279,323,415134
"516",2021-05-30,238,320,415372
"517",2021-05-31,344,316.285714285714,415716
"518",2021-06-01,303,308.857142857143,416019
"519",2021-06-02,286,300.714285714286,416305
"520",2021-06-03,268,294,416573
"521",2021-06-04,272,284.285714285714,416845
"522",2021-06-05,210,274.428571428571,417055
"523",2021-06-06,196,268.428571428571,417251
"524",2021-06-07,301,262.285714285714,417552
"525",2021-06-08,283,259.428571428571,417835
"526",2021-06-09,242,253.142857142857,418077
"527",2021-06-10,233,248.142857142857,418310
"528",2021-06-11,262,246.714285714286,418572
"529",2021-06-12,174,241.571428571429,418746
"530",2021-06-13,184,239.857142857143,418930
"531",2021-06-14,232,230,419162
"532",2021-06-15,212,219.857142857143,419374
"533",2021-06-16,214,215.857142857143,419588
"534",2021-06-17,190,209.714285714286,419778
"535",2021-06-18,170,196.571428571429,419948
"536",2021-06-19,151,193.285714285714,420099
"537",2021-06-20,140,187,420239
"538",2021-06-21,205,183.142857142857,420444
"539",2021-06-22,176,178,420620
"540",2021-06-23,178,172.857142857143,420798
"541",2021-06-24,183,171.857142857143,420981
"542",2021-06-25,199,176,421180
"543",2021-06-26,149,175.714285714286,421329
"544",2021-06-27,166,179.428571428571,421495
"545",2021-06-28,211,180.285714285714,421706
"546",2021-06-29,225,187.285714285714,421931
"547",2021-06-30,212,192.142857142857,422143
"548",2021-07-01,253,202.142857142857,422396
"549",2021-07-02,248,209.142857142857,422644
"550",2021-07-03,243,222.571428571429,422887
"551",2021-07-04,234,232.285714285714,423121
"552",2021-07-05,310,246.428571428571,423431
"553",2021-07-06,369,267,423800
"554",2021-07-07,392,292.714285714286,424192
"555",2021-07-08,470,323.714285714286,424662
"556",2021-07-09,476,356.285714285714,425138
"557",2021-07-10,431,383.142857142857,425569
"558",2021-07-11,452,414.285714285714,426021
"559",2021-07-12,640,461.428571428571,426661
"560",2021-07-13,750,515.857142857143,427411
"561",2021-07-14,727,563.714285714286,428138
"562",2021-07-15,827,614.714285714286,428965
"563",2021-07-16,895,674.571428571429,429860
"564",2021-07-17,780,724.428571428571,430640
"565",2021-07-18,730,764.142857142857,431370
"566",2021-07-19,1005,816.285714285714,432375
"567",2021-07-20,1134,871.142857142857,433509
"568",2021-07-21,1127,928.285714285714,434636
"569",2021-07-22,1123,970.571428571429,435759
"570",2021-07-23,1190,1012.71428571429,436949
"571",2021-07-24,942,1035.85714285714,437891
"572",2021-07-25,920,1063,438811
"573",2021-07-26,1151,1083.85714285714,439962
"574",2021-07-27,1203,1093.71428571429,441165
"575",2021-07-28,1183,1101.71428571429,442348
"576",2021-07-29,1080,1095.57142857143,443428
"577",2021-07-30,1107,1083.71428571429,444535
"578",2021-07-31,909,1079,445444
"579",2021-08-01,785,1059.71428571429,446229
"580",2021-08-02,946,1030.42857142857,447175
"581",2021-08-03,1121,1018.71428571429,448296
"582",2021-08-04,996,992,449292
"583",2021-08-05,979,977.571428571429,450271
"584",2021-08-06,982,959.714285714286,451253
"585",2021-08-07,794,943.285714285714,452047
"586",2021-08-08,685,929,452732
"587",2021-08-09,895,921.714285714286,453627
"588",2021-08-10,888,888.428571428571,454515
"589",2021-08-11,800,860.428571428571,455315
"590",2021-08-12,834,839.714285714286,456149
"591",2021-08-13,732,804,456881
"592",2021-08-14,686,788.571428571429,457567
"593",2021-08-15,576,773,458143
"594",2021-08-16,663,739.857142857143,458806
"595",2021-08-17,706,713.857142857143,459512
"596",2021-08-18,663,694.285714285714,460175
"597",2021-08-19,631,665.285714285714,460806
"598",2021-08-20,612,648.142857142857,461418
"599",2021-08-21,547,628.285714285714,461965
"600",2021-08-22,448,610,462413
"601",2021-08-23,584,598.714285714286,462997
"602",2021-08-24,562,578.142857142857,463559
"603",2021-08-25,564,564,464123
"604",2021-08-26,542,551.285714285714,464665
"605",2021-08-27,496,534.714285714286,465161
"606",2021-08-28,430,518,465591
"607",2021-08-29,351,504.142857142857,465942
"608",2021-08-30,413,479.714285714286,466355
"609",2021-08-31,427,460.428571428571,466782
"610",2021-09-01,431,441.428571428571,467213
"611",2021-09-02,368,416.571428571429,467581
"612",2021-09-03,369,398.428571428571,467950
"613",2021-09-04,278,376.714285714286,468228
"614",2021-09-05,257,363.285714285714,468485
"615",2021-09-06,338,352.571428571429,468823
"616",2021-09-07,345,340.857142857143,469168
"617",2021-09-08,298,321.857142857143,469466
"618",2021-09-09,243,304,469709
"619",2021-09-10,242,285.857142857143,469951
"620",2021-09-11,199,274.571428571429,470150
"621",2021-09-12,179,263.428571428571,470329
"622",2021-09-13,254,251.428571428571,470583
"623",2021-09-14,209,232,470792
"624",2021-09-15,238,223.428571428571,471030
"625",2021-09-16,198,217,471228
"626",2021-09-17,200,211,471428
"627",2021-09-18,138,202.285714285714,471566
"628",2021-09-19,119,193.714285714286,471685
"629",2021-09-20,194,185.142857142857,471879
"630",2021-09-21,163,178.571428571429,472042
"631",2021-09-22,171,169,472213
"632",2021-09-23,167,164.571428571429,472380
"633",2021-09-24,144,156.571428571429,472524
"634",2021-09-25,130,155.428571428571,472654
"635",2021-09-26,101,152.857142857143,472755
"636",2021-09-27,146,146,472901
"637",2021-09-28,131,141.428571428571,473032
"638",2021-09-29,129,135.428571428571,473161
"639",2021-09-30,115,128,473276
"640",2021-10-01,129,125.857142857143,473405
"641",2021-10-02,99,121.428571428571,473504
"642",2021-10-03,85,119.142857142857,473589
"643",2021-10-04,96,112,473685
"644",2021-10-05,117,110,473802
"645",2021-10-06,121,108.857142857143,473923
"646",2021-10-07,104,107.285714285714,474027
"647",2021-10-08,109,104.428571428571,474136
"648",2021-10-09,98,104.285714285714,474234
"649",2021-10-10,75,102.857142857143,474309
"650",2021-10-11,118,106,474427
"651",2021-10-12,89,102,474516
"652",2021-10-13,153,106.571428571429,474669
"653",2021-10-14,111,107.571428571429,474780
"654",2021-10-15,145,112.714285714286,474925
"655",2021-10-16,99,112.857142857143,475024
"656",2021-10-17,94,115.571428571429,475118
"657",2021-10-18,126,116.714285714286,475244
"658",2021-10-19,144,124.571428571429,475388
"659",2021-10-20,128,121,475516
"660",2021-10-21,141,125.285714285714,475657
"661",2021-10-22,133,123.571428571429,475790
"662",2021-10-23,104,124.285714285714,475894
"663",2021-10-24,82,122.571428571429,475976
"664",2021-10-25,123,122.142857142857,476099
"665",2021-10-26,120,118.714285714286,476219
"666",2021-10-27,140,120.428571428571,476359
"667",2021-10-28,127,118.428571428571,476486
"668",2021-10-29,147,120.428571428571,476633
"669",2021-10-30,111,121.428571428571,476744
"670",2021-10-31,100,124,476844
"671",2021-11-01,128,124.714285714286,476972
"672",2021-11-02,194,135.285714285714,477166
"673",2021-11-03,145,136,477311
"674",2021-11-04,161,140.857142857143,477472
"675",2021-11-05,164,143.285714285714,477636
"676",2021-11-06,115,143.857142857143,477751
"677",2021-11-07,106,144.714285714286,477857
"678",2021-11-08,197,154.571428571429,478054
"679",2021-11-09,206,156.285714285714,478260
"680",2021-11-10,198,163.857142857143,478458
"681",2021-11-11,198,169.142857142857,478656
"682",2021-11-12,181,171.571428571429,478837
"683",2021-11-13,179,180.714285714286,479016
"684",2021-11-14,166,189.285714285714,479182
"685",2021-11-15,228,193.714285714286,479410
"686",2021-11-16,247,199.571428571429,479657
"687",2021-11-17,238,205.285714285714,479895
"688",2021-11-18,264,214.714285714286,480159
"689",2021-11-19,313,233.571428571429,480472
"690",2021-11-20,267,246.142857142857,480739
"691",2021-11-21,257,259.142857142857,480996
"692",2021-11-22,347,276.142857142857,481343
"693",2021-11-23,389,296.428571428571,481732
"694",2021-11-24,370,315.285714285714,482102
"695",2021-11-25,359,328.857142857143,482461
"696",2021-11-26,341,332.857142857143,482802
"697",2021-11-27,307,338.571428571429,483109
"698",2021-11-28,271,340.571428571429,483380
"699",2021-11-29,375,344.571428571429,483755
"700",2021-11-30,459,354.571428571429,484214
"701",2021-12-01,414,360.857142857143,484628
"702",2021-12-02,441,372.571428571429,485069
"703",2021-12-03,463,390,485532
"704",2021-12-04,379,400.285714285714,485911
"705",2021-12-05,368,414.142857142857,486279
"706",2021-12-06,412,419.428571428571,486691
"707",2021-12-07,488,423.571428571429,487179
"708",2021-12-08,439,427.142857142857,487618
"709",2021-12-09,516,437.857142857143,488134
"710",2021-12-10,570,453.142857142857,488704
"711",2021-12-11,524,473.857142857143,489228
"712",2021-12-12,433,483.142857142857,489661
"713",2021-12-13,528,499.714285714286,490189
"714",2021-12-14,586,513.714285714286,490775
"715",2021-12-15,588,535,491363
"716",2021-12-16,584,544.714285714286,491947
"717",2021-12-17,600,549,492547
"718",2021-12-18,537,550.857142857143,493084
"719",2021-12-19,482,557.857142857143,493566
"720",2021-12-20,611,569.714285714286,494177
"721",2021-12-21,617,574.142857142857,494794
"722",2021-12-22,566,571,495360
"723",2021-12-23,624,576.714285714286,495984
"724",2021-12-24,512,564.142857142857,496496
"725",2021-12-25,446,551.142857142857,496942
"726",2021-12-26,446,546,497388
"727",2021-12-27,481,527.428571428571,497869
"728",2021-12-28,482,508.142857142857,498351
"729",2021-12-29,295,469.428571428571,498646
"730",2021-12-30,128,398.571428571429,498774
"731",2021-12-31,15,327.571428571429,498789
